Re  n  average_num_mergers  average_highest_mass  median_num_mergers  median_highest_mass  standard_dev_number standrad_dev_mass 
0.1 0.3 28.9 58.784076158964275 28.0 57.20007347314454 4.742362280551751 4.0169815496570385
0.3 0.3 19.9 52.930892318167615 20.0 53.78202700272286 2.7730849247724096 2.300221098947383
0.5 0.3 17.4 45.60457213235103 17.5 44.94814734142097 3.4698703145794947 4.441128069114781
0.7 0.3 10.2 43.91440146048132 10.0 42.801817845379574 2.85657137141714 6.9137545719961535
0.9 0.3 6.3 30.67977767363785 7.0 33.33618490729362 1.7349351572897473 5.732337993349556
1.1 0.3 6.9 28.869451884217312 7.0 27.633210574308578 1.1357816691600546 5.68117664150078
1.3 0.3 4.2 24.759190299391623 4.0 26.61648497193059 1.4000000000000001 8.395726773790015
1.5 0.3 3.3 21.890090391114853 3.5 21.706415990997883 1.8466185312619388 9.642995355068225
1.7 0.3 2.0 20.615175715706634 2.0 20.421619259424638 1.0 9.742407207354553
1.9 0.3 2.2 21.14618075238649 2.0 19.20166484520873 0.7483314773547882 7.9899375890930475
2.1 0.3 0.9 13.4144934137739 0.5 11.351493442306934 1.044030650891055 8.598857453116345
0.1 0.5 28.6 57.827616789182 27.5 57.73524000703665 5.96992462263972 2.386168232284971
0.3 0.5 22.5 53.283119496330286 22.5 52.68120535566486 4.738143096192854 3.387145791986413
0.5 0.5 15.8 46.43112801224787 14.5 46.48576831012283 4.686149805543993 2.887385597449124
0.7 0.5 10.7 38.37777452520025 11.0 38.72007372016596 2.238302928559939 5.301031251865355
0.9 0.5 7.9 35.10369732588016 8.0 37.48511217060121 2.6999999999999997 8.8017514246737
1.1 0.5 7.1 30.29937035625205 6.5 28.630304457291842 3.5341194094144583 6.718135626810281
1.3 0.5 4.5 27.16622207619262 4.5 27.197032512431537 1.5652475842498528 11.09603416349821
1.5 0.5 3.4 19.414498694602706 3.5 20.77466587542648 1.2 4.6846095227611855
1.7 0.5 2.6 23.45973902813709 2.5 25.54338468233886 1.624807680927192 9.04860935275793
1.9 0.5 2.1 17.495560707817365 1.5 14.503673387316812 1.2206555615733703 7.777185281259396
2.1 0.5 1.6 16.798669374336423 1.0 13.427671495071847 1.42828568570857 9.181076630352354
2.3 0.5 0.9 14.295285458552252 1.0 12.334422317220348 0.7000000000000001 6.329274787972299
0.1 0.7 30.7 57.24044356897948 31.5 57.4064851506125 4.879549159502341 2.6914983285499514
0.3 0.7 21.5 51.86889130748834 21.0 51.16460651637654 4.080441152620633 2.6791699222930068
0.5 0.7 12.6 42.631031438679585 13.0 44.366487766553604 3.5270384177096794 6.118619154748825
0.7 0.7 10.3 36.257065176865964 10.0 35.40397644759152 2.282542442102666 5.668338950633158
0.9 0.7 9.2 34.620486205269174 9.5 35.34309096704823 2.0880613017821097 3.7645963489499237
1.1 0.7 6.6 30.771854676612957 7.0 30.830555755779073 2.0591260281974 3.6201450393394037
1.3 0.7 3.6 23.936821890547247 3.0 25.259747311462082 2.154065922853802 6.969600004119602
1.5 0.7 3.5 25.30284035687366 3.5 23.193321926445 1.9621416870348585 10.103380703367923
1.7 0.7 2.0 16.846058340082088 2.5 15.197417116244814 1.0954451150103321 6.599833788645738
1.9 0.7 1.8 19.635129364324246 2.0 20.614610252278155 1.16619037896906 7.826010646722143
2.1 0.7 0.8 13.623394842528409 1.0 12.145184729722873 0.7483314773547882 6.251024620873677
2.3 0.7 0.7 10.22742353540225 0.5 7.926161981383012 0.7810249675906655 4.4540779614222785
2.5 0.7 1.0 14.895726605383995 1.0 12.90537793938849 1.1832159566199232 8.975617595776484
0.1 0.9 28.5 58.58597478459679 29.0 57.55114685749923 6.08687111741328 4.602817918188709
0.3 0.9 18.0 49.77113161898035 18.5 49.42923329120321 4.312771730569565 4.778289272506088
0.5 0.9 13.0 42.71610327421659 13.0 42.77392249189844 2.0976176963403033 6.280660378238048
0.7 0.9 9.7 37.58528804436101 10.0 38.072600075625736 3.8223029707232783 7.227911356246417
0.9 0.9 7.2 37.293751953312416 8.0 35.8731846554969 1.7776388834631176 9.66343469313543
1.1 0.9 5.2 27.863239495228175 4.5 27.487650641522926 2.891366458960192 9.632955235345456
1.3 0.9 4.3 25.828130391916794 5.0 24.25513734942438 1.1874342087037917 5.063487688491012
1.5 0.9 2.5 20.960034492378835 2.0 19.95131677696967 1.2041594578792296 8.337340108994198
1.7 0.9 3.8 23.402210622923786 4.0 22.76194950529313 2.1354156504062622 8.097747400213775
1.9 0.9 1.5 13.508900027274631 1.0 12.481216137647131 1.6278820596099706 6.079024138175401
2.1 0.9 2.1 18.671190375291726 2.0 19.696297550943648 1.1357816691600549 6.215348557292567
2.3 0.9 1.3 14.543884887591208 1.0 11.382177181897077 1.1 8.491734392774266
2.5 0.9 0.9 18.93363544109024 0.5 15.333395145355924 1.044030650891055 9.338262314680053
2.7 0.9 0.3 11.140804600479635 0.0 8.815577075206882 0.45825756949558405 7.506542559290347
0.1 1.1 30.4 58.60315683812992 29.5 56.9737849984199 3.9293765408777 4.677221443828419
0.3 1.1 18.9 49.66196821214872 20.0 50.15474109034323 4.846648326421054 3.0902443228423744
0.5 1.1 12.1 42.926259827484095 12.5 43.97717693378257 3.6999999999999997 6.802825167322749
0.7 1.1 8.1 32.4821848031852 8.5 30.828661444804943 2.6248809496813372 6.940677474422053
0.9 1.1 7.1 33.28454892644924 7.5 32.51577310107989 2.118962010041709 2.5962511084361006
1.1 1.1 4.9 28.433467397591084 4.0 26.4024623646308 3.3000000000000003 11.376257489848808
1.3 1.1 4.7 28.666933758458715 4.5 28.93769522797524 1.676305461424021 7.075357837511449
1.5 1.1 4.0 21.634298894813252 4.0 23.167128114286875 1.7320508075688772 7.360655085123633
1.7 1.1 3.6 22.992080218291598 3.5 22.863315085724768 1.685229954635272 6.853120479123655
1.9 1.1 2.1 17.68157190087633 2.0 14.484549215260841 1.7578395831246945 9.012818678475126
2.1 1.1 2.1 22.102219463482573 2.0 21.727680414716474 1.044030650891055 4.886994436447824
2.3 1.1 0.9 12.03505513799438 1.0 9.33263603297883 0.7000000000000001 5.913593728408733
2.5 1.1 1.3 17.224226881557513 1.5 12.012685616135347 1.004987562112089 11.914778525662998
2.7 1.1 0.5 14.01416198928609 0.0 14.880417520612585 0.6708203932499369 6.7780272108100545
2.9 1.1 0.9 13.763994917647631 0.5 14.99908499269478 1.044030650891055 7.910999879357528
0.1 1.3 30.8 58.41889218565782 28.0 57.83916689971487 4.791659420284375 2.658606495331489
0.3 1.3 18.5 49.8293191535537 19.0 49.77722655070905 4.904079934095692 2.583196276327413
0.5 1.3 11.3 43.02234231165748 11.0 42.086664847207615 3.001666203960727 5.813442574050499
0.7 1.3 7.9 33.46031426475401 6.0 31.601721376880846 4.3 5.69180453702999
0.9 1.3 5.4 32.43675561195503 5.0 32.41491798328494 2.2 10.783884233779295
1.1 1.3 3.9 30.307586169125415 3.0 29.366032588091656 1.7 10.720124398276056
1.3 1.3 3.9 28.07998214484426 4.0 28.484436097689574 1.3 8.174761561310909
1.5 1.3 3.6 24.594119966441742 4.0 23.427893585172097 1.4282856857085702 6.347513661285934
1.7 1.3 3.6 22.77980786193352 2.5 24.69276008661238 2.0591260281974 9.49784175724569
1.9 1.3 2.2 14.13161699139755 2.0 13.607375972106745 1.469693845669907 6.016735384352491
2.1 1.3 2.5 19.775561494512665 2.5 20.062125108960558 1.5 7.8898598794645585
2.3 1.3 1.9 18.265400947053553 2.0 17.118595840123707 1.2206555615733703 8.149126617527838
2.5 1.3 2.1 14.293497159176976 2.0 14.990948323076694 1.374772708486752 5.473556098289966
2.7 1.3 1.1 12.279875508275776 1.0 9.937574466062216 0.7000000000000001 5.1409909037913435
2.9 1.3 0.8 11.827157632945259 0.5 8.87254615149061 0.9797958971132713 7.347806902223849
3.1 1.3 1.4 17.12397253351849 1.0 14.91899786478052 1.019803902718557 7.488514966333722
0.1 1.5 28.5 59.00463296367376 28.5 57.43314834358833 9.200543462209176 5.002877777657223
0.3 1.5 16.2 49.769510662879824 16.5 51.16559123218197 2.2271057451320084 4.531186393617666
0.5 1.5 13.6 46.270721285562736 13.0 44.854508340427245 3.8781438859330635 11.034637971143525
0.7 1.5 8.3 36.26678063159948 8.5 35.757475514684074 2.41039415863879 5.545425585572206
0.9 1.5 7.2 33.898743965732166 6.5 32.51482566589319 2.925747767665559 7.533778092166799
1.1 1.5 3.9 26.337340647078726 3.0 26.16833914884233 2.0223748416156684 5.811275799034576
1.3 1.5 4.9 28.075916826721503 4.0 27.30079513376258 1.374772708486752 4.996009380579412
1.5 1.5 4.0 22.998646732129053 4.0 23.391678704666354 1.3416407864998738 6.553288271974494
1.7 1.5 2.2 19.412420074870276 2.5 17.66004808437163 1.5999999999999999 8.278468211716781
1.9 1.5 2.1 24.402467333512863 2.0 24.856416357540624 1.6401219466856725 9.882668953916665
2.1 1.5 1.6 16.580137262597855 1.0 17.391740353055347 1.2806248474865698 7.659456252934645
2.3 1.5 1.1 12.10136713451086 1.0 12.9775664259505 0.9433981132056604 3.576979535403346
2.5 1.5 1.5 18.51031642375755 1.5 18.585439306476957 1.118033988749895 7.518365462561223
2.7 1.5 0.9 14.845923136053813 1.0 12.733914262988122 0.9433981132056604 7.580342508324879
2.9 1.5 1.3 11.171828889518974 1.5 10.721171310637882 1.1874342087037917 4.608250382100829
3.1 1.5 1.5 13.502556210492642 1.0 12.398700298192512 1.6881943016134133 7.217024263943844
0.1 1.7 26.2 56.59116149539991 26.0 56.734889107934364 3.7094473981982814 1.758816105669185
0.3 1.7 16.9 50.07695398131427 17.0 50.568596812793125 6.024118192731613 3.3985564784168982
0.5 1.7 12.6 42.38596649723098 12.5 40.75072665544142 3.261901286060018 8.458846378273655
0.7 1.7 9.8 35.3070728723596 10.5 34.18682840039799 3.3105890714493698 5.885208124913879
0.9 1.7 7.1 32.87680595742286 7.0 32.71115692291127 1.8138357147217055 4.047190571914015
1.1 1.7 5.2 27.275763464723486 5.5 27.353608764073172 2.1354156504062622 11.508802117254715
1.3 1.7 4.2 23.06061915532667 4.5 22.625385175424853 1.7776388834631176 6.1369123846070295
1.5 1.7 2.7 18.68332165011794 3.0 16.894064499017638 0.9 4.3931292850611525
1.7 1.7 2.9 23.098298751540273 2.5 19.795985035119436 1.9723082923316024 7.700693835238117
1.9 1.7 2.5 23.147275485262632 2.0 24.880243076494263 2.29128784747792 9.702651661971817
2.1 1.7 2.7 22.858487825815878 3.0 23.24678365321096 1.4177446878757827 10.148350690018429
2.3 1.7 1.3 13.980826074404721 1.0 13.542504139954076 0.9000000000000001 5.8587648216574
2.5 1.7 1.3 13.348575287030883 1.0 13.183200609988152 1.4866068747318506 6.904441956820068
2.7 1.7 1.4 16.804011145067854 1.0 11.144915025355868 1.1135528725660044 12.26309116570437
2.9 1.7 1.0 15.428830378594984 0.0 11.7248837330591 1.4142135623730951 7.148303587122767
3.1 1.7 0.8 12.263487933911124 0.5 10.872803045575573 0.9797958971132713 5.340506415178471
0.1 1.9 27.4 58.67413028012883 27.5 57.81404298204497 7.83836717690617 4.594423896773858
0.3 1.9 16.7 50.13584242790787 18.0 47.912153315317425 4.539823785126467 6.7166818549482565
0.5 1.9 12.5 41.29018768385187 13.0 42.39053169832856 3.6674241641784495 4.679885701027844
0.7 1.9 8.6 35.210808305853206 10.0 34.93419681422647 2.8354893757515653 4.739678360475024
0.9 1.9 7.4 35.583228200163035 7.0 34.83692421704855 3.878143885933063 6.545072131967209
1.1 1.9 5.6 25.896748727219233 5.5 25.36661967077174 1.8000000000000003 4.488028228644823
1.3 1.9 4.5 24.972061699628433 4.5 26.18534553605323 1.5 7.5836229328921885
1.5 1.9 3.3 23.367208973966633 3.5 24.53672925037555 2.1 8.20387862298921
1.7 1.9 3.5 20.86523010152203 3.5 21.128148402090794 2.6551836094703507 6.773553363167406
1.9 1.9 3.5 21.76970577079804 2.5 21.71926089482043 2.4186773244895647 7.888466066951711
2.1 1.9 1.9 14.665093522765128 2.0 13.302648806320033 1.1357816691600549 5.49419307802194
2.3 1.9 2.3 17.649331364406095 2.0 16.26433428876645 1.6155494421403511 6.135403361696225
2.5 1.9 1.2 17.58522930280713 1.0 18.2486658778896 0.7483314773547883 6.338257485613088
2.7 1.9 2.6 20.687857224319288 2.5 18.454833395929846 2.0591260281974 13.865162729009938
2.9 1.9 1.8 15.392281736179939 2.0 13.944955011098884 1.16619037896906 5.537218210302335
3.1 1.9 0.8 12.265300975128836 1.0 11.513913781011695 0.7483314773547883 5.024096731514296
0.1 2.1 24.7 60.815845193036864 24.0 60.32523211804234 4.648655719667784 4.941101940762647
0.3 2.1 15.7 43.636929187178374 16.5 45.29797447828241 4.196427051671457 5.419881570325921
0.5 2.1 11.7 41.4274358412499 14.0 43.28632854949482 4.243819034784589 6.4316222052164145
0.7 2.1 7.9 37.55509931609388 8.0 38.71603859577664 2.7 7.431012116604938
0.9 2.1 6.9 32.94871697786747 6.5 33.39441141030123 3.2078029864690882 5.932442086854875
1.1 2.1 4.4 25.845505404243415 4.5 29.167701831590197 2.2 6.380926205878283
1.3 2.1 3.9 23.015222959693165 4.0 22.09175049563825 1.9209372712298547 4.576758029326587
1.5 2.1 4.3 30.789863694016965 4.5 31.89861084859585 2.5317977802344327 4.9214745563078415
1.7 2.1 3.2 19.066074450243484 2.5 19.609323848119423 2.1354156504062622 6.059347677249276
1.9 2.1 2.9 19.72607747048324 2.0 20.107694949489908 1.8138357147217055 8.176158440363817
2.1 2.1 3.7 22.52029251880824 4.0 25.328732344090504 1.7349351572897473 7.565288847723935
2.3 2.1 2.7 19.949145408235548 3.0 18.482603295985815 1.3453624047073711 9.01151287824244
2.5 2.1 1.6 13.658695177134442 2.0 12.880132526566655 0.8 3.485678090881099
2.7 2.1 1.4 17.49419391551853 1.0 18.0961124973637 1.3564659966250536 9.192032145765257
2.9 2.1 1.3 14.97629146407636 1.0 14.902079786615314 1.1 8.624010812373221
3.1 2.1 1.6 14.554819987726276 1.0 14.034203334115896 1.2806248474865698 6.7859435182467385
